5,0.000213,1457914797.285996,1457914797.286209
5,0.000204,1457914797.926731,1457914797.926935
5,0.000190,1457914798.478513,1457914798.478703
5,0.000212,1457914798.950560,1457914798.950772
5,0.000217,1457914799.478700,1457914799.478917
10,0.039901,1457914822.597229,1457914822.637130
5,0.000246,1457914829.830495,1457914829.830741
5,0.000205,1457914852.186646,1457914852.186851
10,0.078253,1457914856.362879,1457914856.441132
20,0.702671,1457914860.071776,1457914860.774447
25,0.289892,1457914864.849885,1457914865.139777
50,0.635173,1457914870.218258,1457914870.853431
5,0.000276,1457915422.821301,1457915422.821577
5,0.000274,1457915424.684959,1457915424.685233
10,0.807831,1457915431.684913,1457915432.492744
10,0.017191,1457915574.619683,1457915574.636874
10,0.020055,1457915576.212016,1457915576.232071
10,0.021374,1457915578.243385,1457915578.264759
10,0.019204,1457915579.180136,1457915579.199340
100,0.285375,1457915583.387195,1457915583.672570
100,3.389937,1457915599.579991,1457915602.969928
