1,0.000088,(0:65536),1457998933.280543,1457998933.280631, 140737488355328.000000
1,0.000082,(0:131072),1457998933.282572,1457998933.282654, 1125899906842624.000000
1,0.000060,(0:262144),1457998933.284339,1457998933.284399, 9007199254740992.000000
1,0.000084,(0:524288),1457998933.286035,1457998933.286119, 72057594037927936.000000
1,0.000087,(0:1048576),1457998933.287983,1457998933.288070, 576460752303423488.000000
1,0.000082,(0:2097152),1457998933.289691,1457998933.289773, 4611686018427387904.000000
1,0.000099,(0:16777216),1457998933.291280,1457998933.291379, 2361183241434822606848.000000
2,0.000105,(0:65536),1457998933.292961,1457998933.293066, 105553116266496.000000
2,0.000098,(0:131072),1457998933.294708,1457998933.294806, 844424930131968.000000
2,0.000111,(0:262144),1457998933.296310,1457998933.296421, 6755399441055744.000000
2,0.000082,(0:524288),1457998933.297778,1457998933.297860, 54043195528445952.000000
2,0.000120,(0:1048576),1457998933.299302,1457998933.299422, 432345564227567616.000000
2,0.000081,(0:2097152),1457998933.300918,1457998933.300999, 3458764513820540928.000000
2,0.000090,(0:16777216),1457998933.302608,1457998933.302698, 1770887431076116955136.000000
4,0.000132,(0:65536),1457998933.304105,1457998933.304237, 96757023244288.000000
4,0.000134,(0:131072),1457998933.305771,1457998933.305905, 774056185954304.000000
4,0.000120,(0:262144),1457998933.307447,1457998933.307567, 6192449487634432.000000
4,0.000117,(0:524288),1457998933.309205,1457998933.309322, 49539595901075456.000000
4,0.000124,(0:1048576),1457998933.310891,1457998933.311015, 396316767208603648.000000
4,0.000110,(0:2097152),1457998933.312481,1457998933.312591, 3170534137668829184.000000
4,0.000129,(0:16777216),1457998933.314188,1457998933.314317, 1623313478486440542208.000000
8,0.000199,(0:65536),1457998933.315924,1457998933.316123, 94557999988736.000000
8,0.000203,(0:131072),1457998933.317646,1457998933.317849, 756463999909888.000000
8,0.000196,(0:262144),1457998933.319352,1457998933.319548, 6051711999279104.000000
8,0.000191,(0:524288),1457998933.321121,1457998933.321312, 48413695994232832.000000
8,0.000202,(0:1048576),1457998933.322851,1457998933.323053, 387309567953862656.000000
8,0.000188,(0:2097152),1457998933.324471,1457998933.324659, 3098476543630901248.000000
8,0.000189,(0:16777216),1457998933.326087,1457998933.326276, 1586419990339021438976.000000
16,0.000338,(0:65536),1457998933.327920,1457998933.328258, 94008244174848.000000
16,0.000336,(0:131072),1457998933.329860,1457998933.330196, 752065953398784.000000
16,0.000386,(0:262144),1457998933.331718,1457998933.332104, 6016527627190272.000000
16,0.000349,(0:524288),1457998933.333770,1457998933.334119, 48132221017522176.000000
16,0.000324,(0:1048576),1457998933.335675,1457998933.335999, 385057768140177408.000000
16,0.000347,(0:2097152),1457998933.337671,1457998933.338018, 3080462145121419264.000000
16,0.000359,(0:16777216),1457998933.339652,1457998933.340011, 1577196618302166663168.000000
32,0.000738,(0:65536),1457998933.341647,1457998933.342385, 93870805221376.000000
32,0.000714,(0:131072),1457998933.343916,1457998933.344630, 750966441771008.000000
32,0.000715,(0:262144),1457998933.346168,1457998933.346883, 6007731534168064.000000
32,0.000721,(0:524288),1457998933.348462,1457998933.349183, 48061852273344512.000000
32,0.000722,(0:1048576),1457998933.350775,1457998933.351497, 384494818186756096.000000
32,0.000710,(0:2097152),1457998933.352907,1457998933.353617, 3075958545494048768.000000
32,0.000829,(0:16777216),1457998933.355154,1457998933.355983, 1574890775292952969216.000000
64,0.001414,(0:65536),1457998933.357628,1457998933.359042, 93836445483008.000000
64,0.001385,(0:131072),1457998933.360674,1457998933.362059, 750691563864064.000000
64,0.001438,(0:262144),1457998933.363729,1457998933.365167, 6005532510912512.000000
64,0.001488,(0:524288),1457998933.366738,1457998933.368226, 48044260087300096.000000
64,0.001439,(0:1048576),1457998933.369834,1457998933.371273, 384354080698400768.000000
64,0.001398,(0:2097152),1457998933.372916,1457998933.374314, 3074832645587206144.000000
64,0.001385,(0:16777216),1457998933.375951,1457998933.377336, 1574314314540649545728.000000
128,0.002899,(0:65536),1457998933.378879,1457998933.381778, 93827855548416.000000
128,0.002847,(0:131072),1457998933.383269,1457998933.386116, 750622844387328.000000
128,0.002834,(0:262144),1457998933.387720,1457998933.390554, 6004982755098624.000000
128,0.002827,(0:524288),1457998933.392310,1457998933.395137, 48039862040788992.000000
128,0.002814,(0:1048576),1457998933.396725,1457998933.399539, 384318896326311936.000000
128,0.002872,(0:2097152),1457998933.401063,1457998933.403935, 3074551170610495488.000000
128,0.002839,(0:16777216),1457998933.405683,1457998933.408522, 1574170199352573689856.000000
256,0.005669,(0:65536),1457998933.410259,1457998933.415928, 93825708064768.000000
256,0.006500,(0:131072),1457998933.417706,1457998933.424206, 750605664518144.000000
256,0.005800,(0:262144),1457998933.425725,1457998933.431525, 6004845316145152.000000
256,0.005708,(0:524288),1457998933.433447,1457998933.439155, 48038762529161216.000000
256,0.006357,(0:1048576),1457998933.440839,1457998933.447196, 384310100233289728.000000
256,0.005748,(0:2097152),1457998933.448701,1457998933.454449, 3074480801866317824.000000
256,0.009847,(0:16777216),1457998933.456131,1457998933.465978, 1574134170555554725888.000000
512,0.011802,(0:65536),1457998933.467817,1457998933.479619, 93825171193856.000000
512,0.012000,(0:131072),1457998933.481459,1457998933.493459, 750601369550848.000000
512,0.011857,(0:262144),1457998933.495446,1457998933.507303, 6004810956406784.000000
512,0.011965,(0:524288),1457998933.509002,1457998933.520967, 48038487651254272.000000
512,0.018955,(0:1048576),1457998933.522763,1457998933.541718, 384307901210034176.000000
512,0.011974,(0:2097152),1457998933.543513,1457998933.555487, 3074463209680273408.000000
512,0.018981,(0:16777216),1457998933.557165,1457998933.576146, 1574125163356299984896.000000
1024,0.024533,(0:65536),1457998933.578218,1457998933.602751, 93825036976128.000000
1024,0.024189,(0:131072),1457998933.604583,1457998933.628772, 750600295809024.000000
1024,0.024937,(0:262144),1457998933.630635,1457998933.655572, 6004802366472192.000000
1024,0.024310,(0:524288),1457998933.657490,1457998933.681800, 48038418931777536.000000
1024,0.025195,(0:1048576),1457998933.683758,1457998933.708953, 384307351454220288.000000
1024,0.024561,(0:2097152),1457998933.710817,1457998933.735378, 3074458811633762304.000000
1024,0.024510,(0:16777216),1457998933.737348,1457998933.761858, 1574122911556486299648.000000
2048,0.050217,(0:65536),1457998933.763755,1457998933.813972, 93825003421696.000000
2048,0.050232,(0:131072),1457998933.816093,1457998933.866325, 750600027373568.000000
2048,0.051010,(0:262144),1457998933.868628,1457998933.919638, 6004800218988544.000000
2048,0.050087,(0:524288),1457998933.921813,1457998933.971900, 48038401751908352.000000
2048,0.049666,(0:1048576),1457998934.081853,1457998934.131519, 384307214015266816.000000
2048,0.050017,(0:2097152),1457998934.133679,1457998934.183696, 3074457712122134528.000000
2048,0.049672,(0:16777216),1457998934.185870,1457998934.235542, 1574122348606532878336.000000
4096,0.101421,(0:65536),1457998934.237683,1457998934.339104, 93824995033088.000000
4096,0.099092,(0:131072),1457998934.341401,1457998934.440493, 750599960264704.000000
4096,0.098760,(0:262144),1457998934.442769,1457998934.541529, 6004799682117632.000000
4096,0.098627,(0:524288),1457998934.543737,1457998934.642364, 48038397456941056.000000
4096,0.098099,(0:1048576),1457998934.644628,1457998934.742727, 384307179655528448.000000
4096,0.100384,(0:2097152),1457998934.745091,1457998934.845475, 3074457437244227584.000000
4096,0.100331,(0:16777216),1457998934.847692,1457998934.948023, 1574122207869044523008.000000
8192,0.203250,(0:65536),1457998934.950198,1457998935.153448, 93824992935936.000000
8192,0.200335,(0:131072),1457998935.155868,1457998935.356203, 750599943487488.000000
8192,0.199713,(0:262144),1457998935.358680,1457998935.558393, 6004799547899904.000000
8192,0.202012,(0:524288),1457998935.560762,1457998935.762774, 48038396383199232.000000
8192,0.200630,(0:1048576),1457998935.765211,1457998935.965841, 384307171065593856.000000
8192,0.203882,(0:2097152),1457998935.968348,1457998936.172230, 3074457368524750848.000000
8192,0.201411,(0:16777216),1457998936.174731,1457998936.376142, 1574122172684672434176.000000
