0,0.000006,(0:1048576),1458001381.064325,1458001381.064331, 0.000000
0,0.000007,(0:2097152),1458001381.066421,1458001381.066428, 2199023255552.000000
0,0.000005,(0:16777216),1458001381.068000,1458001381.068005, 1125899906842624.000000
0,0.000005,(0:134217728),1458001381.069595,1458001381.069600, 576460752303423488.000000
0,0.000005,(0:1073741824),1458001381.071067,1458001381.071072, 295147905179352825856.000000
1,0.064060,(0:1048576),1458001381.072718,1458001381.136778, 0.000000
1,0.064024,(0:2097152),1458001381.138675,1458001381.202699, 3074457345622550528.000000
1,0.064168,(0:16777216),1458001381.204647,1458001381.268815, 1574122160958745870336.000000
1,0.064083,(0:134217728),1458001381.270787,1458001381.334870, 805950546410877885612032.000000
1,0.064089,(0:1073741824),1458001381.336970,1458001381.401059, 412646679762369477433360384.000000
2,0.237286,(0:1048576),1458001381.403072,1458001381.640358, 0.000000
2,0.197973,(0:2097152),1458001381.642429,1458001381.840402, 3074457345623632896.000000
2,0.242645,(0:16777216),1458001381.842538,1458001382.085183, 1574122160959833243648.000000
2,0.303744,(0:134217728),1458001382.087288,1458001382.391032, 805950546411831099916288.000000
2,0.253062,(0:1073741824),1458001382.393525,1458001382.646587, 412646679762678989956579328.000000
4,0.338759,(0:1048576),1458001382.648936,1458001382.987695, 0.000000
4,0.393765,(0:2097152),1458001382.989952,1458001383.383717, 3074457345627133952.000000
4,0.359566,(0:16777216),1458001383.385964,1458001383.745530, 1574122160960847216640.000000
4,0.339826,(0:134217728),1458001383.747824,1458001384.087650, 805950546411985181868032.000000
4,0.365181,(0:1073741824),1458001384.090057,1458001384.455238, 412646679762928853973991424.000000
8,0.246126,(0:1048576),1458001384.457654,1458001384.703780, 0.000000
8,0.246540,(0:2097152),1458001384.706033,1458001384.952573, 3074457345627897856.000000
8,0.263950,(0:16777216),1458001384.954888,1458001385.218838, 1574122160961409777664.000000
8,0.253687,(0:134217728),1458001385.221217,1458001385.474904, 805950546412287440191488.000000
8,0.244614,(0:1073741824),1458001385.477178,1458001385.721792, 412646679763116320706527232.000000
16,0.220652,(0:1048576),1458001385.723971,1458001385.944623, 0.000000
16,0.226285,(0:2097152),1458001385.946755,1458001386.173040, 3074457345628353536.000000
16,0.223616,(0:16777216),1458001386.175202,1458001386.398818, 1574122160961638367232.000000
16,0.233467,(0:134217728),1458001386.400898,1458001386.634365, 805950546412341664153600.000000
16,0.241845,(0:1073741824),1458001386.636427,1458001386.878272, 412646679763097079253041152.000000
32,0.227943,(0:1048576),1458001386.880311,1458001387.108254, 0.000000
32,0.216241,(0:2097152),1458001387.110364,1458001387.326605, 3074457345628007424.000000
32,0.219184,(0:16777216),1458001387.328652,1458001387.547836, 1574122160961663008768.000000
32,0.225492,(0:134217728),1458001387.549958,1458001387.775450, 805950546412334147960832.000000
32,0.222708,(0:1073741824),1458001387.777538,1458001388.000246, 412646679763121818264666112.000000
64,0.228181,(0:1048576),1458001388.002237,1458001388.230418, 0.000000
64,0.243965,(0:2097152),1458001388.232258,1458001388.476223, 3074457345628419072.000000
64,0.223866,(0:16777216),1458001388.478197,1458001388.702063, 1574122160961595899904.000000
64,0.219030,(0:134217728),1458001388.704127,1458001388.923157, 805950546412341395718144.000000
64,0.221403,(0:1073741824),1458001388.925438,1458001389.146841, 412646679763105325590249472.000000
128,0.229932,(0:1048576),1458001389.148949,1458001389.378881, 0.000000
128,0.229744,(0:2097152),1458001389.380942,1458001389.610686, 3074457345627822080.000000
128,0.224788,(0:16777216),1458001389.612827,1458001389.837615, 1574122160961465876480.000000
128,0.231434,(0:134217728),1458001389.839680,1458001390.071114, 805950546412254154194944.000000
128,0.224001,(0:1073741824),1458001390.073121,1458001390.297122, 412646679763063681587347456.000000
256,0.232401,(0:1048576),1458001390.299153,1458001390.531554, 0.000000
256,0.237906,(0:2097152),1458001390.533541,1458001390.771447, 3074457345627393024.000000
256,0.228902,(0:16777216),1458001390.773307,1458001391.002209, 1574122160961261928448.000000
256,0.236357,(0:134217728),1458001391.004116,1458001391.240473, 805950546412140337561600.000000
256,0.231088,(0:1073741824),1458001391.242212,1458001391.473300, 412646679763035781479792640.000000
