1,0.000093,(0:65536),1457998930.254581,1457998930.254674, 140737488355328.000000
1,0.000080,(0:131072),1457998930.256582,1457998930.256662, 1125899906842624.000000
1,0.000067,(0:262144),1457998930.258320,1457998930.258387, 9007199254740992.000000
1,0.000078,(0:524288),1457998930.259882,1457998930.259960, 72057594037927936.000000
1,0.000060,(0:1048576),1457998930.261510,1457998930.261570, 576460752303423488.000000
1,0.000068,(0:2097152),1457998930.263311,1457998930.263379, 4611686018427387904.000000
1,0.000076,(0:16777216),1457998930.264875,1457998930.264951, 2361183241434822606848.000000
2,0.000112,(0:65536),1457998930.266481,1457998930.266593, 105553116266496.000000
2,0.000110,(0:131072),1457998930.268324,1457998930.268434, 844424930131968.000000
2,0.000107,(0:262144),1457998930.270313,1457998930.270420, 6755399441055744.000000
2,0.000087,(0:524288),1457998930.271909,1457998930.271996, 54043195528445952.000000
2,0.000085,(0:1048576),1457998930.273500,1457998930.273585, 432345564227567616.000000
2,0.000101,(0:2097152),1457998930.275251,1457998930.275352, 3458764513820540928.000000
2,0.000099,(0:16777216),1457998930.276920,1457998930.277019, 1770887431076116955136.000000
4,0.000112,(0:65536),1457998930.278737,1457998930.278849, 96757023244288.000000
4,0.000154,(0:131072),1457998930.280558,1457998930.280712, 774056185954304.000000
4,0.000114,(0:262144),1457998930.282438,1457998930.282552, 6192449487634432.000000
4,0.000137,(0:524288),1457998930.284064,1457998930.284201, 49539595901075456.000000
4,0.000128,(0:1048576),1457998930.285710,1457998930.285838, 396316767208603648.000000
4,0.000143,(0:2097152),1457998930.287558,1457998930.287701, 3170534137668829184.000000
4,0.000114,(0:16777216),1457998930.289401,1457998930.289515, 1623313478486440542208.000000
8,0.000208,(0:65536),1457998930.291236,1457998930.291444, 94557999988736.000000
8,0.000199,(0:131072),1457998930.292961,1457998930.293160, 756463999909888.000000
8,0.000202,(0:262144),1457998930.294749,1457998930.294951, 6051711999279104.000000
8,0.000205,(0:524288),1457998930.296627,1457998930.296832, 48413695994232832.000000
8,0.000205,(0:1048576),1457998930.298365,1457998930.298570, 387309567953862656.000000
8,0.000199,(0:2097152),1457998930.300046,1457998930.300245, 3098476543630901248.000000
8,0.000193,(0:16777216),1457998930.301828,1457998930.302021, 1586419990339021438976.000000
16,0.000326,(0:65536),1457998930.303665,1457998930.303991, 94008244174848.000000
16,0.000373,(0:131072),1457998930.305596,1457998930.305969, 752065953398784.000000
16,0.000369,(0:262144),1457998930.307440,1457998930.307809, 6016527627190272.000000
16,0.000338,(0:524288),1457998930.309527,1457998930.309865, 48132221017522176.000000
16,0.000372,(0:1048576),1457998930.311458,1457998930.311830, 385057768140177408.000000
16,0.000366,(0:2097152),1457998930.313481,1457998930.313847, 3080462145121419264.000000
16,0.000347,(0:16777216),1457998930.315451,1457998930.315798, 1577196618302166663168.000000
32,0.000700,(0:65536),1457998930.317364,1457998930.318064, 93870805221376.000000
32,0.000704,(0:131072),1457998930.319767,1457998930.320471, 750966441771008.000000
32,0.000726,(0:262144),1457998930.322094,1457998930.322820, 6007731534168064.000000
32,0.000763,(0:524288),1457998930.324496,1457998930.325259, 48061852273344512.000000
32,0.000756,(0:1048576),1457998930.326827,1457998930.327583, 384494818186756096.000000
32,0.000758,(0:2097152),1457998930.329180,1457998930.329938, 3075958545494048768.000000
32,0.000724,(0:16777216),1457998930.331451,1457998930.332175, 1574890775292952969216.000000
64,0.001424,(0:65536),1457998930.333796,1457998930.335220, 93836445483008.000000
64,0.001449,(0:131072),1457998930.336898,1457998930.338347, 750691563864064.000000
64,0.001511,(0:262144),1457998930.339874,1457998930.341385, 6005532510912512.000000
64,0.002090,(0:524288),1457998930.342897,1457998930.344987, 48044260087300096.000000
64,0.001402,(0:1048576),1457998930.346451,1457998930.347853, 384354080698400768.000000
64,0.001425,(0:2097152),1457998930.349491,1457998930.350916, 3074832645587206144.000000
64,0.001463,(0:16777216),1457998930.352533,1457998930.353996, 1574314314540649545728.000000
128,0.003546,(0:65536),1457998930.355738,1457998930.359284, 93827855548416.000000
128,0.002914,(0:131072),1457998930.361261,1457998930.364175, 750622844387328.000000
128,0.002939,(0:262144),1457998930.365807,1457998930.368746, 6004982755098624.000000
128,0.003565,(0:524288),1457998930.370368,1457998930.373933, 48039862040788992.000000
128,0.002854,(0:1048576),1457998930.375515,1457998930.378369, 384318896326311936.000000
128,0.003175,(0:2097152),1457998930.379969,1457998930.383144, 3074551170610495488.000000
128,0.002859,(0:16777216),1457998930.384810,1457998930.387669, 1574170199352573689856.000000
256,0.006057,(0:65536),1457998930.389510,1457998930.395567, 93825708064768.000000
256,0.006007,(0:131072),1457998930.397243,1457998930.403250, 750605664518144.000000
256,0.006147,(0:262144),1457998930.404991,1457998930.411138, 6004845316145152.000000
256,0.006004,(0:524288),1457998930.412819,1457998930.418823, 48038762529161216.000000
256,0.006075,(0:1048576),1457998930.420395,1457998930.426470, 384310100233289728.000000
256,0.005953,(0:2097152),1457998930.428309,1457998930.434262, 3074480801866317824.000000
256,0.005993,(0:16777216),1457998930.436069,1457998930.442062, 1574134170555554725888.000000
512,0.011931,(0:65536),1457998930.443714,1457998930.455645, 93825171193856.000000
512,0.011854,(0:131072),1457998930.457363,1457998930.469217, 750601369550848.000000
512,0.011837,(0:262144),1457998930.470735,1457998930.482572, 6004810956406784.000000
512,0.011796,(0:524288),1457998930.484358,1457998930.496154, 48038487651254272.000000
512,0.019625,(0:1048576),1457998930.498064,1457998930.517689, 384307901210034176.000000
512,0.011899,(0:2097152),1457998930.519657,1457998930.531556, 3074463209680273408.000000
512,0.012179,(0:16777216),1457998930.533314,1457998930.545493, 1574125163356299984896.000000
1024,0.023267,(0:65536),1457998930.547450,1457998930.570717, 93825036976128.000000
1024,0.024376,(0:131072),1457998930.572661,1457998930.597037, 750600295809024.000000
1024,0.024112,(0:262144),1457998930.598775,1457998930.622887, 6004802366472192.000000
1024,0.024055,(0:524288),1457998930.624723,1457998930.648778, 48038418931777536.000000
1024,0.025062,(0:1048576),1457998930.650636,1457998930.675698, 384307351454220288.000000
1024,0.024447,(0:2097152),1457998930.677634,1457998930.702081, 3074458811633762304.000000
1024,0.024323,(0:16777216),1457998930.703752,1457998930.728075, 1574122911556486299648.000000
2048,0.048909,(0:65536),1457998930.729844,1457998930.778753, 93825003421696.000000
2048,0.075927,(0:131072),1457998930.781024,1457998930.856951, 750600027373568.000000
2048,0.049615,(0:262144),1457998930.859129,1457998930.908744, 6004800218988544.000000
2048,0.050836,(0:524288),1457998930.910982,1457998930.961818, 48038401751908352.000000
2048,0.050154,(0:1048576),1457998930.964067,1457998931.014221, 384307214015266816.000000
2048,0.050291,(0:2097152),1457998931.016378,1457998931.066669, 3074457712122134528.000000
2048,0.050223,(0:16777216),1457998931.068938,1457998931.119161, 1574122348606532878336.000000
4096,0.101562,(0:65536),1457998931.121292,1457998931.222854, 93824995033088.000000
4096,0.101473,(0:131072),1457998931.225169,1457998931.326642, 750599960264704.000000
4096,0.099939,(0:262144),1457998931.329141,1457998931.429080, 6004799682117632.000000
4096,0.099522,(0:524288),1457998931.431123,1457998931.530645, 48038397456941056.000000
4096,0.099425,(0:1048576),1457998931.533044,1457998931.632469, 384307179655528448.000000
4096,0.099378,(0:2097152),1457998931.634730,1457998931.734108, 3074457437244227584.000000
4096,0.099497,(0:16777216),1457998931.736389,1457998931.835886, 1574122207869044523008.000000
8192,0.203565,(0:65536),1457998931.838183,1457998932.041748, 93824992935936.000000
8192,0.200631,(0:131072),1457998932.044219,1457998932.244850, 750599943487488.000000
8192,0.200826,(0:262144),1457998932.247374,1457998932.448200, 6004799547899904.000000
8192,0.201442,(0:524288),1457998932.450661,1457998932.652103, 48038396383199232.000000
8192,0.203919,(0:1048576),1457998932.654610,1457998932.858529, 384307171065593856.000000
8192,0.204410,(0:2097152),1457998932.861037,1457998933.065447, 3074457368524750848.000000
8192,0.203005,(0:16777216),1457998933.067894,1457998933.270899, 1574122172684672434176.000000
