0,0.000006,(0:1024),1457990521.234013,1457990521.234019
0,0.000006,(0:2048),1457990521.235699,1457990521.235705
0,0.000005,(0:4096),1457990521.237166,1457990521.237171
0,0.000005,(0:8192),1457990521.238646,1457990521.238651
1,0.000092,(0:1024),1457990521.239990,1457990521.240082
1,0.000079,(0:2048),1457990521.241567,1457990521.241646
1,0.000078,(0:4096),1457990521.243127,1457990521.243205
1,0.000056,(0:8192),1457990521.244729,1457990521.244785
2,0.000112,(0:1024),1457990521.246182,1457990521.246294
2,0.000096,(0:2048),1457990521.247631,1457990521.247727
2,0.000094,(0:4096),1457990521.249049,1457990521.249143
2,0.000099,(0:8192),1457990521.250639,1457990521.250738
4,0.000124,(0:1024),1457990521.252049,1457990521.252173
4,0.000132,(0:2048),1457990521.253719,1457990521.253851
4,0.000126,(0:4096),1457990521.255389,1457990521.255515
4,0.000113,(0:8192),1457990521.256905,1457990521.257018
8,0.000199,(0:1024),1457990521.258499,1457990521.258698
8,0.000218,(0:2048),1457990521.259995,1457990521.260213
8,0.000207,(0:4096),1457990521.261565,1457990521.261772
8,0.000204,(0:8192),1457990521.263250,1457990521.263454
16,0.000383,(0:1024),1457990521.264929,1457990521.265312
16,0.000374,(0:2048),1457990521.266649,1457990521.267023
16,0.000361,(0:4096),1457990521.268577,1457990521.268938
16,0.000357,(0:8192),1457990521.270307,1457990521.270664
32,0.000755,(0:1024),1457990521.272085,1457990521.272840
32,0.000768,(0:2048),1457990521.274384,1457990521.275152
32,0.000706,(0:4096),1457990521.276664,1457990521.277370
32,0.000719,(0:8192),1457990521.278720,1457990521.279439
64,0.001460,(0:1024),1457990521.280839,1457990521.282299
64,0.001439,(0:2048),1457990521.283724,1457990521.285163
64,0.001497,(0:4096),1457990521.286704,1457990521.288201
64,0.002193,(0:8192),1457990521.289764,1457990521.291957
128,0.002855,(0:1024),1457990521.293596,1457990521.296451
128,0.003092,(0:2048),1457990521.298075,1457990521.301167
128,0.002928,(0:4096),1457990521.302670,1457990521.305598
128,0.002905,(0:8192),1457990521.307139,1457990521.310044
