0,0.000003,(0:1024),1457990521.387645,1457990521.387648
0,0.000003,(0:2048),1457990521.389268,1457990521.389271
0,0.000004,(0:4096),1457990521.390648,1457990521.390652
0,0.000003,(0:8192),1457990521.391966,1457990521.391969
1,0.000105,(0:1024),1457994669.468601,1457994669.468706
1,0.000147,(0:2048),1457994669.471023,1457994669.471170
1,0.000106,(0:4096),1457994669.473290,1457994669.473396
1,0.000121,(0:8192),1457994669.475500,1457994669.475621
2,0.000140,(0:1024),1457994669.477718,1457994669.477858
2,0.000126,(0:2048),1457994669.480143,1457994669.480269
2,0.000113,(0:4096),1457994669.482418,1457994669.482531
2,0.000117,(0:8192),1457994669.484728,1457994669.484845
4,0.000168,(0:1024),1457994669.487032,1457994669.487200
4,0.000174,(0:2048),1457994669.489498,1457994669.489672
4,0.000147,(0:4096),1457994669.491852,1457994669.491999
4,0.000144,(0:8192),1457994669.494165,1457994669.494309
8,0.000279,(0:1024),1457994669.496583,1457994669.496862
8,0.000310,(0:2048),1457994669.499055,1457994669.499365
8,0.000265,(0:4096),1457994669.501558,1457994669.501823
8,0.000227,(0:8192),1457994669.503941,1457994669.504168
16,0.000486,(0:1024),1457994669.506416,1457994669.506902
16,0.000512,(0:2048),1457994669.509156,1457994669.509668
16,0.000682,(0:4096),1457994669.511925,1457994669.512607
16,0.000488,(0:8192),1457994669.514868,1457994669.515356
32,0.001075,(0:1024),1457994669.517729,1457994669.518804
32,0.001162,(0:2048),1457994669.520795,1457994669.521957
32,0.001061,(0:4096),1457994669.524140,1457994669.525201
32,0.001170,(0:8192),1457994669.527279,1457994669.528449
64,0.002331,(0:1024),1457994669.530549,1457994669.532880
64,0.002306,(0:2048),1457994669.535077,1457994669.537383
64,0.002329,(0:4096),1457994669.539510,1457994669.541839
64,0.002286,(0:8192),1457994669.544008,1457994669.546294
128,0.005328,(0:1024),1457994669.548521,1457994669.553849
128,0.004696,(0:2048),1457994669.555990,1457994669.560686
128,0.005432,(0:4096),1457994669.562857,1457994669.568289
128,0.004773,(0:8192),1457994669.570599,1457994669.575372
