1,0.000084,(0:65536),1457998936.385706,1457998936.385790, 140737488355328.000000
1,0.000056,(0:131072),1457998936.387511,1457998936.387567, 1125899906842624.000000
1,0.000082,(0:262144),1457998936.389197,1457998936.389279, 9007199254740992.000000
1,0.000079,(0:524288),1457998936.391238,1457998936.391317, 72057594037927936.000000
1,0.000080,(0:1048576),1457998936.393047,1457998936.393127, 576460752303423488.000000
1,0.000079,(0:2097152),1457998936.394842,1457998936.394921, 4611686018427387904.000000
1,0.000058,(0:16777216),1457998936.396454,1457998936.396512, 2361183241434822606848.000000
2,0.000103,(0:65536),1457998936.398077,1457998936.398180, 105553116266496.000000
2,0.000100,(0:131072),1457998936.399632,1457998936.399732, 844424930131968.000000
2,0.000107,(0:262144),1457998936.401339,1457998936.401446, 6755399441055744.000000
2,0.000095,(0:524288),1457998936.402960,1457998936.403055, 54043195528445952.000000
2,0.000096,(0:1048576),1457998936.404700,1457998936.404796, 432345564227567616.000000
2,0.000109,(0:2097152),1457998936.406304,1457998936.406413, 3458764513820540928.000000
2,0.000093,(0:16777216),1457998936.407929,1457998936.408022, 1770887431076116955136.000000
4,0.000105,(0:65536),1457998936.409471,1457998936.409576, 96757023244288.000000
4,0.000106,(0:131072),1457998936.411083,1457998936.411189, 774056185954304.000000
4,0.000139,(0:262144),1457998936.412758,1457998936.412897, 6192449487634432.000000
4,0.000108,(0:524288),1457998936.414399,1457998936.414507, 49539595901075456.000000
4,0.000133,(0:1048576),1457998936.415916,1457998936.416049, 396316767208603648.000000
4,0.000112,(0:2097152),1457998936.417488,1457998936.417600, 3170534137668829184.000000
4,0.000133,(0:16777216),1457998936.418992,1457998936.419125, 1623313478486440542208.000000
8,0.000204,(0:65536),1457998936.420775,1457998936.420979, 94557999988736.000000
8,0.000198,(0:131072),1457998936.422419,1457998936.422617, 756463999909888.000000
8,0.000209,(0:262144),1457998936.424137,1457998936.424346, 6051711999279104.000000
8,0.000181,(0:524288),1457998936.425899,1457998936.426080, 48413695994232832.000000
8,0.000193,(0:1048576),1457998936.427676,1457998936.427869, 387309567953862656.000000
8,0.000187,(0:2097152),1457998936.429455,1457998936.429642, 3098476543630901248.000000
8,0.000187,(0:16777216),1457998936.431081,1457998936.431268, 1586419990339021438976.000000
16,0.000522,(0:65536),1457998936.432950,1457998936.433472, 94008244174848.000000
16,0.000381,(0:131072),1457998936.435163,1457998936.435544, 752065953398784.000000
16,0.000337,(0:262144),1457998936.437060,1457998936.437397, 6016527627190272.000000
16,0.000340,(0:524288),1457998936.438923,1457998936.439263, 48132221017522176.000000
16,0.000342,(0:1048576),1457998936.440907,1457998936.441249, 385057768140177408.000000
16,0.000358,(0:2097152),1457998936.442809,1457998936.443167, 3080462145121419264.000000
16,0.000348,(0:16777216),1457998936.444749,1457998936.445097, 1577196618302166663168.000000
32,0.001410,(0:65536),1457998936.446787,1457998936.448197, 93870805221376.000000
32,0.000700,(0:131072),1457998936.449769,1457998936.450469, 750966441771008.000000
32,0.000749,(0:262144),1457998936.452069,1457998936.452818, 6007731534168064.000000
32,0.000707,(0:524288),1457998936.454440,1457998936.455147, 48061852273344512.000000
32,0.000751,(0:1048576),1457998936.456809,1457998936.457560, 384494818186756096.000000
32,0.000729,(0:2097152),1457998936.459090,1457998936.459819, 3075958545494048768.000000
32,0.000697,(0:16777216),1457998936.461478,1457998936.462175, 1574890775292952969216.000000
64,0.001469,(0:65536),1457998936.463752,1457998936.465221, 93836445483008.000000
64,0.001445,(0:131072),1457998936.466751,1457998936.468196, 750691563864064.000000
64,0.001405,(0:262144),1457998936.469824,1457998936.471229, 6005532510912512.000000
64,0.001449,(0:524288),1457998936.472692,1457998936.474141, 48044260087300096.000000
64,0.001483,(0:1048576),1457998936.475741,1457998936.477224, 384354080698400768.000000
64,0.001444,(0:2097152),1457998936.478652,1457998936.480096, 3074832645587206144.000000
64,0.002156,(0:16777216),1457998936.481669,1457998936.483825, 1574314314540649545728.000000
128,0.002877,(0:65536),1457998936.485390,1457998936.488267, 93827855548416.000000
128,0.002889,(0:131072),1457998936.489868,1457998936.492757, 750622844387328.000000
128,0.002816,(0:262144),1457998936.494356,1457998936.497172, 6004982755098624.000000
128,0.002835,(0:524288),1457998936.498859,1457998936.501694, 48039862040788992.000000
128,0.002805,(0:1048576),1457998936.503343,1457998936.506148, 384318896326311936.000000
128,0.002971,(0:2097152),1457998936.507702,1457998936.510673, 3074551170610495488.000000
128,0.002797,(0:16777216),1457998936.512252,1457998936.515049, 1574170199352573689856.000000
256,0.005658,(0:65536),1457998936.516686,1457998936.522344, 93825708064768.000000
256,0.006523,(0:131072),1457998936.523830,1457998936.530353, 750605664518144.000000
256,0.006165,(0:262144),1457998936.531861,1457998936.538026, 6004845316145152.000000
256,0.006027,(0:524288),1457998936.539739,1457998936.545766, 48038762529161216.000000
256,0.006072,(0:1048576),1457998936.547410,1457998936.553482, 384310100233289728.000000
256,0.005983,(0:2097152),1457998936.555119,1457998936.561102, 3074480801866317824.000000
256,0.005956,(0:16777216),1457998936.562819,1457998936.568775, 1574134170555554725888.000000
512,0.011791,(0:65536),1457998936.570481,1457998936.582272, 93825171193856.000000
512,0.012715,(0:131072),1457998936.584095,1457998936.596810, 750601369550848.000000
512,0.012061,(0:262144),1457998936.598613,1457998936.610674, 6004810956406784.000000
512,0.012048,(0:524288),1457998936.612444,1457998936.624492, 48038487651254272.000000
512,0.012049,(0:1048576),1457998936.626361,1457998936.638410, 384307901210034176.000000
512,0.011859,(0:2097152),1457998936.640381,1457998936.652240, 3074463209680273408.000000
512,0.011788,(0:16777216),1457998936.653940,1457998936.665728, 1574125163356299984896.000000
1024,0.023492,(0:65536),1457998936.667543,1457998936.691035, 93825036976128.000000
1024,0.024556,(0:131072),1457998936.692782,1457998936.717338, 750600295809024.000000
1024,0.024636,(0:262144),1457998936.719302,1457998936.743938, 6004802366472192.000000
1024,0.024341,(0:524288),1457998936.745728,1457998936.770069, 48038418931777536.000000
1024,0.024578,(0:1048576),1457998936.772007,1457998936.796585, 384307351454220288.000000
1024,0.024461,(0:2097152),1457998936.798351,1457998936.822812, 3074458811633762304.000000
1024,0.024448,(0:16777216),1457998936.824622,1457998936.849070, 1574122911556486299648.000000
2048,0.048717,(0:65536),1457998936.850822,1457998936.899539, 93825003421696.000000
2048,0.050762,(0:131072),1457998936.901690,1457998936.952452, 750600027373568.000000
2048,0.050399,(0:262144),1457998936.954696,1457998937.005095, 6004800218988544.000000
2048,0.050377,(0:524288),1457998937.007241,1457998937.057618, 48038401751908352.000000
2048,0.050707,(0:1048576),1457998937.059771,1457998937.110478, 384307214015266816.000000
2048,0.048601,(0:2097152),1457998937.112688,1457998937.161289, 3074457712122134528.000000
2048,0.050156,(0:16777216),1457998937.163620,1457998937.213776, 1574122348606532878336.000000
4096,0.100662,(0:65536),1457998937.216047,1457998937.316709, 93824995033088.000000
4096,0.098718,(0:131072),1457998937.319069,1457998937.417787, 750599960264704.000000
4096,0.098221,(0:262144),1457998937.420118,1457998937.518339, 6004799682117632.000000
4096,0.100152,(0:524288),1457998937.520562,1457998937.620714, 48038397456941056.000000
4096,0.098595,(0:1048576),1457998937.622952,1457998937.721547, 384307179655528448.000000
4096,0.099636,(0:2097152),1457998937.723799,1457998937.823435, 3074457437244227584.000000
4096,0.101262,(0:16777216),1457998937.825660,1457998937.926922, 1574122207869044523008.000000
8192,0.204232,(0:65536),1457998937.929157,1457998938.133389, 93824992935936.000000
8192,0.202060,(0:131072),1457998938.135807,1457998938.337867, 750599943487488.000000
8192,0.200166,(0:262144),1457998938.340299,1457998938.540465, 6004799547899904.000000
8192,0.199239,(0:524288),1457998938.542886,1457998938.742125, 48038396383199232.000000
8192,0.200385,(0:1048576),1457998938.744686,1457998938.945071, 384307171065593856.000000
8192,0.213707,(0:2097152),1457998938.947546,1457998939.161253, 3074457368524750848.000000
8192,0.200235,(0:16777216),1457998939.163823,1457998939.364058, 1574122172684672434176.000000
