0,0.000007,(0:1024),1457990521.311596,1457990521.311603
0,0.000006,(0:2048),1457990521.313360,1457990521.313366
0,0.000006,(0:4096),1457990521.314725,1457990521.314731
0,0.000006,(0:8192),1457990521.315974,1457990521.315980
1,0.000147,(0:1024),1457994669.359486,1457994669.359633
1,0.000171,(0:2048),1457994669.362131,1457994669.362302
1,0.000112,(0:4096),1457994669.364385,1457994669.364497
1,0.000189,(0:8192),1457994669.366663,1457994669.366852
2,0.000160,(0:1024),1457994669.368981,1457994669.369141
2,0.000119,(0:2048),1457994669.371231,1457994669.371350
2,0.000115,(0:4096),1457994669.373514,1457994669.373629
2,0.000117,(0:8192),1457994669.375740,1457994669.375857
4,0.000244,(0:1024),1457994669.377816,1457994669.378060
4,0.000168,(0:2048),1457994669.380194,1457994669.380362
4,0.000179,(0:4096),1457994669.382612,1457994669.382791
4,0.000150,(0:8192),1457994669.384881,1457994669.385031
8,0.000268,(0:1024),1457994669.387174,1457994669.387442
8,0.000229,(0:2048),1457994669.389653,1457994669.389882
8,0.000262,(0:4096),1457994669.392159,1457994669.392421
8,0.000248,(0:8192),1457994669.394590,1457994669.394838
16,0.000595,(0:1024),1457994669.397012,1457994669.397607
16,0.000638,(0:2048),1457994669.399800,1457994669.400438
16,0.000525,(0:4096),1457994669.402555,1457994669.403080
16,0.000497,(0:8192),1457994669.405206,1457994669.405703
32,0.001863,(0:1024),1457994669.407834,1457994669.409697
32,0.001079,(0:2048),1457994669.411844,1457994669.412923
32,0.001106,(0:4096),1457994669.415141,1457994669.416247
32,0.001120,(0:8192),1457994669.418418,1457994669.419538
64,0.002388,(0:1024),1457994669.421746,1457994669.424134
64,0.002918,(0:2048),1457994669.426207,1457994669.429125
64,0.002305,(0:4096),1457994669.431306,1457994669.433611
64,0.002341,(0:8192),1457994669.435838,1457994669.438179
128,0.004689,(0:1024),1457994669.440385,1457994669.445074
128,0.005280,(0:2048),1457994669.447260,1457994669.452540
128,0.004711,(0:4096),1457994669.454752,1457994669.459463
128,0.004768,(0:8192),1457994669.461675,1457994669.466443
