0,0.000007,(0:1048576),1458001335.167244,1458001335.167251, 0.000000
0,0.000006,(0:2097152),1458001335.169077,1458001335.169083, 2199023255552.000000
0,0.000005,(0:16777216),1458001335.170847,1458001335.170852, 1125899906842624.000000
0,0.000005,(0:134217728),1458001335.172386,1458001335.172391, 576460752303423488.000000
0,0.000005,(0:1073741824),1458001335.173886,1458001335.173891, 295147905179352825856.000000
1,0.061293,(0:1048576),1458001335.175439,1458001335.236732, 0.000000
1,0.061237,(0:2097152),1458001335.238544,1458001335.299781, 3074457345622550528.000000
1,0.061244,(0:16777216),1458001335.301662,1458001335.362906, 1574122160958745870336.000000
1,0.061212,(0:134217728),1458001335.364760,1458001335.425972, 805950546410877885612032.000000
1,0.061196,(0:1073741824),1458001335.427832,1458001335.489028, 412646679762369477433360384.000000
2,0.649390,(0:1048576),1458001335.490846,1458001336.140236, 0.000000
2,0.644341,(0:2097152),1458001336.142193,1458001336.786534, 3074457345624980480.000000
2,0.526572,(0:16777216),1458001336.788771,1458001337.315343, 1574122160960525828096.000000
2,0.622468,(0:134217728),1458001337.317687,1458001337.940155, 805950546411729094443008.000000
2,0.554030,(0:1073741824),1458001337.942518,1458001338.496548, 412646679762702766895529984.000000
4,0.936050,(0:1048576),1458001338.499014,1458001339.435064, 0.000000
4,1.260770,(0:2097152),1458001339.437398,1458001340.698168, 3074457345627091968.000000
4,1.028919,(0:16777216),1458001340.700572,1458001341.729491, 1574122160961182760960.000000
4,1.045047,(0:134217728),1458001341.731993,1458001342.777040, 805950546412164228317184.000000
4,0.810525,(0:1073741824),1458001342.779482,1458001343.590007, 412646679763007469055377408.000000
8,0.615619,(0:1048576),1458001343.592455,1458001344.208074, 0.000000
8,0.677182,(0:2097152),1458001344.210521,1458001344.887703, 3074457345627973632.000000
8,0.628532,(0:16777216),1458001344.889889,1458001345.518421, 1574122160961494712320.000000
8,0.674097,(0:134217728),1458001345.520627,1458001346.194724, 805950546412256301678592.000000
8,0.622789,(0:1073741824),1458001346.196843,1458001346.819632, 412646679763080311700717568.000000
16,0.852028,(0:1048576),1458001346.821778,1458001347.673806, 0.000000
16,0.828177,(0:2097152),1458001347.675752,1458001348.503929, 3074457345628157952.000000
16,0.856694,(0:16777216),1458001348.506129,1458001349.362823, 1574122160961572306944.000000
16,0.831952,(0:134217728),1458001349.364801,1458001350.196753, 805950546412342469459968.000000
16,0.834410,(0:1073741824),1458001350.198685,1458001351.033095, 412646679763125941433270272.000000
32,1.137718,(0:1048576),1458001351.035677,1458001352.173395, 0.000000
32,1.131860,(0:2097152),1458001352.176116,1458001353.307976, 3074457345628276736.000000
32,1.188209,(0:16777216),1458001353.310546,1458001354.498755, 1574122160961687126016.000000
32,1.162369,(0:134217728),1458001354.500906,1458001355.663275, 805950546412361796812800.000000
32,1.133498,(0:1073741824),1458001355.665805,1458001356.799303, 412646679763132813380943872.000000
64,1.555899,(0:1048576),1458001356.801813,1458001358.357712, 0.000000
64,1.516748,(0:2097152),1458001358.359998,1458001359.876746, 3074457345628221440.000000
64,1.555424,(0:16777216),1458001359.879026,1458001361.434450, 1574122160961677688832.000000
64,1.541416,(0:134217728),1458001361.436367,1458001362.977783, 805950546412359112458240.000000
64,1.643376,(0:1073741824),1458001362.980016,1458001364.623392, 412646679763126491189084160.000000
128,1.606926,(0:1048576),1458001364.625253,1458001366.232179, 0.000000
128,1.595034,(0:2097152),1458001366.234288,1458001367.829322, 3074457345628237824.000000
128,1.626618,(0:16777216),1458001367.831406,1458001369.458024, 1574122160961671397376.000000
128,1.645246,(0:134217728),1458001369.459854,1458001371.105100, 805950546412387298181120.000000
128,1.622095,(0:1073741824),1458001371.107274,1458001372.729369, 412646679763130614357688320.000000
256,1.603121,(0:1048576),1458001372.731511,1458001374.334632, 0.000000
256,1.613134,(0:2097152),1458001374.336813,1458001375.949947, 3074457345628181504.000000
256,1.735109,(0:16777216),1458001375.952091,1458001377.687200, 1574122160961702330368.000000
256,1.658479,(0:134217728),1458001377.689247,1458001379.347726, 805950546412359112458240.000000
256,1.712390,(0:1073741824),1458001379.349819,1458001381.062209, 412646679763129652285014016.000000
