1,0.000079,(0:1024),1457979999.939234,1457979999.939313
1,0.000134,(0:2048),1457980000.300561,1457980000.300695
1,0.000102,(0:4096),1457980000.675911,1457980000.676013
1,0.000080,(0:8192),1457980001.046315,1457980001.046395
2,0.000140,(0:1024),1457980001.404331,1457980001.404471
2,0.000086,(0:2048),1457980001.791657,1457980001.791743
2,0.000140,(0:4096),1457980002.168899,1457980002.169039
2,0.000138,(0:8192),1457980002.528205,1457980002.528343
4,0.000171,(0:1024),1457980002.909094,1457980002.909265
4,0.000189,(0:2048),1457980003.271645,1457980003.271834
4,0.000253,(0:4096),1457980003.634377,1457980003.634630
4,0.000197,(0:8192),1457980004.019975,1457980004.020172
8,0.000348,(0:1024),1457980004.392362,1457980004.392710
8,0.000242,(0:2048),1457980004.766189,1457980004.766431
8,0.000311,(0:4096),1457980005.144782,1457980005.145093
8,0.000280,(0:8192),1457980005.501034,1457980005.501314
16,0.000576,(0:1024),1457980005.864008,1457980005.864584
16,0.000416,(0:2048),1457980006.241584,1457980006.242000
16,0.000391,(0:4096),1457980006.612904,1457980006.613295
16,0.000575,(0:8192),1457980006.986870,1457980006.987445
32,0.000627,(0:1024),1457980007.366694,1457980007.367321
32,0.000679,(0:2048),1457980007.742489,1457980007.743168
32,0.000783,(0:4096),1457980008.107823,1457980008.108606
32,0.000703,(0:8192),1457980008.485320,1457980008.486023
64,0.001207,(0:1024),1457980008.864873,1457980008.866080
64,0.001448,(0:2048),1457980009.231928,1457980009.233376
64,0.001224,(0:4096),1457980009.608685,1457980009.609909
64,0.001198,(0:8192),1457980009.975473,1457980009.976671
128,0.002731,(0:1024),1457980010.361843,1457980010.364574
128,0.002500,(0:2048),1457980010.742703,1457980010.745203
128,0.002649,(0:4096),1457980011.110803,1457980011.113452
128,0.002207,(0:8192),1457980011.484372,1457980011.486579
