1,0.000090,(0:1024),1457979987.331434,1457979987.331524
1,0.000097,(0:2048),1457979987.739580,1457979987.739677
1,0.000077,(0:4096),1457979988.138563,1457979988.138640
1,0.000071,(0:8192),1457979988.533943,1457979988.534014
2,0.000124,(0:1024),1457979988.934592,1457979988.934716
2,0.000105,(0:2048),1457979989.324345,1457979989.324450
2,0.000101,(0:4096),1457979989.706785,1457979989.706886
2,0.000092,(0:8192),1457979990.124167,1457979990.124259
4,0.000158,(0:1024),1457979990.534345,1457979990.534503
4,0.000209,(0:2048),1457979990.922491,1457979990.922700
4,0.000178,(0:4096),1457979991.317610,1457979991.317788
4,0.000205,(0:8192),1457979991.693899,1457979991.694104
8,0.000254,(0:1024),1457979992.073092,1457979992.073346
8,0.000350,(0:2048),1457979992.479814,1457979992.480164
8,0.000221,(0:4096),1457979992.865440,1457979992.865661
8,0.000284,(0:8192),1457979993.250955,1457979993.251239
16,0.000419,(0:1024),1457979993.636654,1457979993.637073
16,0.000402,(0:2048),1457979994.023722,1457979994.024124
16,0.000468,(0:4096),1457979994.423612,1457979994.424080
16,0.000352,(0:8192),1457979994.807617,1457979994.807969
32,0.000881,(0:1024),1457979995.195236,1457979995.196117
32,0.000776,(0:2048),1457979995.584336,1457979995.585112
32,0.000753,(0:4096),1457979995.976746,1457979995.977499
32,0.000852,(0:8192),1457979996.363598,1457979996.364450
64,0.001199,(0:1024),1457979996.759307,1457979996.760506
64,0.001288,(0:2048),1457979997.147380,1457979997.148668
64,0.001495,(0:4096),1457979997.527548,1457979997.529043
64,0.007897,(0:8192),1457979998.036370,1457979998.044267
128,0.002532,(0:1024),1457979998.444357,1457979998.446889
128,0.002333,(0:2048),1457979998.809607,1457979998.811940
128,0.002405,(0:4096),1457979999.185231,1457979999.187636
128,0.002641,(0:8192),1457979999.564481,1457979999.567122
