1,0.000184,(0:1024),1457979976.143365,1457979976.143549
1,0.000094,(0:2048),1457979976.486641,1457979976.486735
1,0.000095,(0:4096),1457979976.824370,1457979976.824465
1,0.000115,(0:8192),1457979977.158856,1457979977.158971
2,0.000201,(0:1024),1457979977.483421,1457979977.483622
2,0.000131,(0:2048),1457979977.827600,1457979977.827731
2,0.000224,(0:4096),1457979978.158475,1457979978.158699
2,0.000167,(0:8192),1457979978.498115,1457979978.498282
4,0.000229,(0:1024),1457979978.831602,1457979978.831831
4,0.000136,(0:2048),1457979979.171253,1457979979.171389
4,0.000267,(0:4096),1457979979.507608,1457979979.507875
4,0.000234,(0:8192),1457979979.849394,1457979979.849628
8,0.000284,(0:1024),1457979980.205758,1457979980.206042
8,0.000384,(0:2048),1457979980.554558,1457979980.554942
8,0.000427,(0:4096),1457979980.909184,1457979980.909611
8,0.000280,(0:8192),1457979981.260031,1457979981.260311
16,0.000356,(0:1024),1457979981.609221,1457979981.609577
16,0.000567,(0:2048),1457979981.952134,1457979981.952701
16,0.000413,(0:4096),1457979982.308272,1457979982.308685
16,0.000436,(0:8192),1457979982.656430,1457979982.656866
32,0.000715,(0:1024),1457979983.006346,1457979983.007061
32,0.000987,(0:2048),1457979983.371628,1457979983.372615
32,0.000787,(0:4096),1457979983.723530,1457979983.724317
32,0.000776,(0:8192),1457979984.064695,1457979984.065471
64,0.001415,(0:1024),1457979984.409127,1457979984.410542
64,0.001373,(0:2048),1457979984.764208,1457979984.765581
64,0.001426,(0:4096),1457979985.118367,1457979985.119793
64,0.001280,(0:8192),1457979985.467401,1457979985.468681
128,0.002676,(0:1024),1457979985.834129,1457979985.836805
128,0.002389,(0:2048),1457979986.187484,1457979986.189873
128,0.002349,(0:4096),1457979986.548463,1457979986.550812
128,0.002876,(0:8192),1457979986.918188,1457979986.921064
